0 180 126 24 35
1 277 126 17 35
2 54 126 27 35
3 27 126 27 35
4 423 90 30 35
5 252 126 24 35
6 109 126 23 35
7 81 126 27 35
8 132 126 24 35
9 156 126 24 35
A 244 0 43 41
B 0 51 33 39
C 483 90 29 35
D 408 0 35 41
E 444 0 38 41
F 33 51 33 39
G 160 90 34 35
H 330 0 41 38
I 454 90 29 35
J 57 0 21 48
K 0 90 42 35
L 360 90 32 35
M 365 51 48 39
N 120 90 38 35
O 392 90 30 35
P 328 90 32 35
Q 96 0 31 40
R 287 0 43 41
S 0 126 27 35
T 261 90 33 35
U 81 90 38 36
V 230 90 31 35
W 460 51 40 39
X 420 51 39 39
Y 25 0 32 45
Z 294 90 33 35